0 0.632438 0.398196 0.174664 0.141753
0 0.442418 0.583763 0.182342 0.131443
0 0.632438 0.568299 0.147793 0.110825
0 0.453935 0.753866 0.090211 0.095361
0 0.259117 0.786082 0.149712 0.201031
0 0.208253 0.673969 0.109405 0.105670
0 0.347409 0.447165 0.111324 0.126289
0 0.609405 0.269330 0.143954 0.115979
0 0.781190 0.155928 0.099808 0.054124
0 0.770633 0.275773 0.109405 0.067010
0 0.486564 0.391753 0.113244 0.087629
0 0.448177 0.326031 0.086372 0.069588
0 0.887716 0.134021 0.078695 0.046392
0 0.666987 0.179124 0.086372 0.069588
0 0.536468 0.235825 0.117083 0.085052
