0 0.906000 0.144802 0.120000 0.141089
0 0.909000 0.316832 0.114000 0.138614
0 0.908000 0.488861 0.116000 0.136139
0 0.767000 0.488861 0.110000 0.136139
0 0.769000 0.658416 0.114000 0.143564
0 0.767000 0.313119 0.114000 0.136139
0 0.768000 0.146040 0.112000 0.143564
0 0.630000 0.657178 0.112000 0.141089
0 0.630000 0.487624 0.112000 0.143564
0 0.631000 0.316832 0.114000 0.138614
0 0.632000 0.146040 0.116000 0.143564
0 0.488000 0.318069 0.116000 0.141089
0 0.486000 0.488861 0.120000 0.136139
0 0.487000 0.658416 0.118000 0.143564
0 0.348000 0.315594 0.116000 0.136139
0 0.349000 0.487624 0.114000 0.133663
